$ANSIBLE_VAULT;1.1;AES256
65386562303737373565656432343734306631386337643137306432613534353262343866386562
3931613463613463373231333232333736396266373930630a396536623633643335656430663862
35366131623839326462613864393230386662643564316464623132316565386639623739323833
6334656334313363370a643635373966633731323565306632616661373764326631333138376239
63323761393838663230376632303266303032343935653638326566316333393239636236363633
35306261363865386261326339643632613033353637653031343631383263383234643037623836
62366664323734323032313732386566316532626234356337323161616533343165313537653139
34343166383935336662336435373035623435623163383530663963343564303331633661303362
31303636363132333066623466313831363161313666653361393261303731623231633439323932
32366238326533313064623930626665353138313165623061653962653834613866386133323364
62356261383166373835376530616434616436346233393536613263333834313661336665656237
31633665653835666364633537623166376432633865626536353364333735646164633435336335
30663038353866653232326363393535353636666363386538383130383330393732383964313537
33626165623036373135303539666537383038633935323461333836613434323839363736303163
39303535666262386334396233643566633834323061353661353930356534633562323164613437
33353239663038656237366332663232663533323735363039336137353836303238323332633133
63393231356230353336353732616437366431616461343338303837333735386366343538636435
39303461326532616532653833633861376230623837626138393033363731343431383838643732
37623862303766333335333466633238393736303930623464666664303932396632386532323332
32396638383830323437363963313237343864383031356661303431306330316333326539663266
66326132613938636639386132316563316432663262336539643437643562303034656161396639
39636237333862376134313765636231616666303830303936313133643565643436656133326430
63633763633461646632373338303366653231343333386161383330626565346239643963323431
39366638653639656335363433643839303737313531626638363965613362343532363062323330
39313461616563373061643634653035333439373764383739366339373362663636386163623763
31616535393866363563633339363733353333623734306133633964653932333635643439623333
66316462633630666162306330396335353632323839656633323637303637626435363231613535
61313264373466306530623231393435343863623038343332396666326665656437383466353531
33636139636530396538623236653863306439313462303666646636316334316361353466643036
65306664316536646337336533343661396465353962356366306236363163373136386132363237
64616439373763343234386564303662323764343961336165643261636663666338383330363238
62366532626337633336623934616633383761393431316436643438386339333063383632353163
66656464393533303130313236643263356439643836663033636337343234353636386636653934
34303666653333353636643264666531393865313861633037633039633333303066373934343962
37653632643262306533373737363539623835663634343763383331376331323932626635656233
64656266613939383238326537393839363434643735303935633238306136316365313337613132
35316233336265613032666336323139363532653663333131626461393931346630326431366239
30353561643932623339323664323963346232386562653362303566386538336234623436326337
31363232373837623733326331623237346361333438313365383933633738616164383135653136
34653536656463623430343838303638313035383834306331393238663835666136303938383134
32346233643963346664666532386139613364626162386131626435666563323139623731323430
64653438623336663930653165663035613263333066663832323431356564376632666362663661
34323132346131383737303564313937623064396230323836353066666534666438376133383264
35386230393731386666366138376266366138373466306164373333373036636238663663373365
66653130376661336166656466326338633532663331663436306237346131363037656264383363
63633762326664353461363235376630316361623532356433613964303236303861633232333963
32353664373533373532613333346635343865653965396337306366376363323265303130646564
66373866336536343962383162626265373731353638616439356263666466616163353234336635
63353362613561623830383231363162653338333063633236323163636535303365393936353335
36396639303234363336373866663231623935376564366264386238376632303539313333313666
32346565626633353738346336373036616132633263643937326238623962323461303134373838
33396337323862633966613739376435626331333836666261393030383466336130643333623062
30656163623135383838633831633862643637666133343164363766343637303739656339623838
35373733346265623633343136396565303561333339363737366562313639346464643663666163
37623038316437313238643532326534663736663461353136366163633265666331393238623362
61363333323738363962613361323438663665376162613762393431386666666665396231316333
39656566373237396437323435633466343262383939306534306262396230333436353834633736
63316237316231333530373262666461633839333030616433643134393666363732353566336361
63663533633538396131663732393163336561666363343666653266613661363038656238333162
61326638353364666565316634373530613630623066313063313438623461343334633966396366
63323133663839373436363131666464396235643761663665373933303061656461616137393938
32613336313865393165376432303965636134316432346665386565396335393238393563613666
61363037303966646531633735393266373162633365306166613231613938666237643330643933
35333539636161346431313433393763643936386435653131363839633335663765366538396463
38363866346239613231666331396663626530613135613264383634363138346366393330323134
63333032323432626134643737643232343934653038333933316136333064343437323837376332
31626535646463623330363738376363663861373563313430393332313636663865613839643563
36306134656365616264663839323163356337623435666639353431383365633131343139313866
66656464373764303566313661303836653663323535306362633739656364613065663234383462
38313333356563663766383438643338623935656434346333626333616137353834303239343864
64323134396361666639373133666531363964313939343738333437633262653237323463666339
61306565623563656336363161643264383861646232316134663136326632383766323438373962
30646364313632666463373632323535393134663561323861663564383361616637396532353539
31623066626337623162303564313637323166346431653135343831626133313761323562323631
31376362383835346665356433623138623639383638626436336530636632383236326165653962
66616537643331363862316165393235346137396430393063656331393564373830636635613636
66386536373266623264346636663263336137353834356336656166363835663562613735313265
61383861363238313234663066383164353234356630306163363532363132393734393434613436
66643361323837386163373237616361373565616237386161636531393138396639663434373761
66353732313166316531616361646236633738316230333534643638653231313461653066366132
61373632376339623836386161616464633032393337313836326566656566666363633031363061
32393037376464653830303531633137666631383633326332303336363831613134663739376362
64643163343531653831303430396334353735373563353236326138313638306438363266646164
32303265316338613262386530613665616437636238343063366630393264663066323964383838
65363438366439316635343135383439353964313564646133343032306630646334623562646433
32366634643435343865333338313938616337383134333831636635643035616139336336636161
30323865653438393564613361346139343131356334383033623463373233623062616434616237
61666564623031303036613261393931323230333334303262643934636266306463316535653664
64646133653361633838386335653063336265326632383234623639643635383237663738376638
64303030653737363366393534656664343933313933306539656663623063383663306131353339
31316539633537336436303638636163633666303162303661346562653031623761323236666565
65313337303539356439393339383632656335623236636132626331333835663637623430613963
30643633393665613164353632386437366166333431323232636133343736376334323734613336
63353737626431323531623964386438616337653266663561383434363164313737376533663436
36623733306134636164373630373462343564646234616437346331326539623531616334336361
37643130343731636464656531303864393137363164376165313162326564656263316432363833
30326561366337376437396338306263323738633731666662653439363736663635663364356162
35626330653937386262373934366234313539363139666532386165663663376635643863393530
33653631393831383835383130373734346235386338353130616234653761326537303739323031
35356463396532363733303366626530373461616436643734666566653036306133646466393961
39376530343731653130326338396462343535636564653466626462383635366337653739306338
65626237613266643665336565306462616437623835396465356635313033623835373339386363
33336166323439383633386539303035393630663161346637376564386332313633663538626166
31656539303631396436643461336662663164326135326564336462386530613435353366336164
39653236623264353338653938643263373037663436643136343032386663346261376662646634
62633639383232616534373363303738616338386232303339383837623934333561646562376330
33613063633633346666396662613330633335323037656664326265316461333630306534336232
62306366663237353966306133623235643939663765626339356263643463313963663434343136
36326533396131613866636366383734633562656637616264336531663761323937356365373932
64353433653462343161386334386539643066333038623731313765623939353834613939623963
32356266306432663533306565383736393336326366393564393336373231616339336139356663
34346261366339383764323832326666313035326232353561323966313333336130326532353365
65383262633734666231636333643038623533663864656438393533393566326539316534666466
66363365343664626531313065363239363539646264373562633132336664326338653232626336
33366561623835653939616435373965353839633837396535396631623463653863626237303135
38366437633832353264346465643436316537303231623934303937626233356236353162656536
37353765383834346162363734303837613233383666323066396562363634616236376139663433
37626262663662393836303939653436373635636235343964646262353266393334393630363235
30396564633463393163303034303535363530383332393436316236663230353237383932303931
66333463383939633966333266663732303935633933663861366333653737316666326635306533
37623239336164363837336434663231383536333261633761643436633831313237666164323064
33636639633034336536383736386335626336666363326566343534623662613163346439336239
63313532636465313034633238343938613461356161376366303935613633303263303739346664
35383563326334373430373538663935623139366465303561393734306565643963363731353638
34353337643934643933336239353863633462643338386330623266353461383337313163666465
36376364633534643231643736356166386431373663313739613337643433376163313734666130
63626164656466316334376631643333616232643832653130633335653230383236386237653836
66626561363664346431346538363031333638666562363935643135323866373533616539383139
64356135656464333965363030663632396433396161396336656364353134646431663539353037
62663033353265333464643030393265313934663839643538623766393937306564316235386133
36353137636361623535663136313430663361663564313666373739326235303735633763646536
34356632346335633865653966343639333132623762663737306630633933626163633732373936
32626462643535393434333831303163306366383165343635363630336633393435383132626639
66303061356666373034663936323638643534386139356535376336383338663538393065383531
32346661353937386334616463393231633064363163636435656139663366626637396532623731
33343262646537313131613762353033376530306230633661333462336131333331393638613762
61363034386663313364313064613761633332333737386161363761643438623533313039313962
62326439336330333138646232316563336633386539646334313637343636383837353330643162
34633731636465303534386536396135633633396638336431653664336337633364616331643135
34363161333236363036313064323735663263343638306339323230303630363331356631343936
32303665303032373139386365343635333565303930656436326561356163353530393464316464
34616664396633666466393531313438613464666232653831373234323935663639323130626164
37303062313934306666333435383631356362383632396631316436663933643536373364643463
37623333353239313566313464663936373339633536316630313862366530353364616637656633
63636434316131633432346530326166306661313631653366326463333733646464613435616336
33313535346237323532613338643431643863616137356631323765656432663039643035636335
39336461613039613038386436636231613661623239623732663237653566623039363138373265
65396630353134353838653963353264303365663535396665396433363035653566333466613464
65383631326636306438376632613431366438336633623934373730646566613736333630306133
65623638363637313364303761616632363666386534333563623834336539323039376534633564
37366666363039653735623633303532396532303636366561346332316434663733346134653962
61633730363433313332376666356339613732343362653738653338363634663464326362323730
66633631326462363361316438343831313166306132356431616262663436666634313331316266
62636238623131623064616434663966666364616337303731376236396430383831346237616531
33623532313739613437656462326137383763653336366632643735393139636235356633666362
37346131646663396461646439323937663739643066646230353361623734396530623737336363
30613135646361366637373565613838343061313936316630376661343736653161383266383535
30323630656234646537616432333338653962326362653366353433313162653937343238373839
65343561303835333730323361663531636338633764613963363736613538303030643435313161
63333836643933316633363465333430336637333166326236376661316635373165393638393639
36363235343039386266646261363633616231363263363365373430393365306132303234386361
62326437323563396438353634393365666366313637393531393333363661613135376231613766
36313565336164386531373031663861643532373464323634616534636163653037333564303430
31313961623734383130343339373838633831666564356262393162366332313961353161656435
64393234316139356334643162313934623731313965366234666261303037636363666530326137
38366664346637663232303935326530343034643930666164666139313732653662333638663261
66656366653332386263323837306532356538623738353233386237353438323032626536616333
31336137396535346166303963333963356362386332643438356135653730303139626263663331
62643863326433613663626136396435313837343261366336323830396665343662383465326131
63333939366265363533383662353538393030626137343834643364656561373131376566656365
30333161303766323735656134356336393366363438346537663736646632626639663736376263
34343639623037373039343433383834613038303261633265303930373463313765313032373031
62363031383661343336643762626237356331353333616562643534643036323061
